[16, 2, 7, 157, 7, 158, 0, 0]
[16, 2, 7, 151, 7, 155, 0, 0]
[16, 2, 7, 149, 7, 153, 0, 0]
[16, 2, 7, 153, 7, 154, 0, 0]
[16, 2, 7, 151, 7, 153, 0, 0]
[16, 2, 7, 148, 7, 151, 0, 0]
[16, 2, 7, 149, 7, 151, 0, 0]
[16, 3, 0, 0, 0, 0, 0, 0]
[16, 2, 7, 150, 7, 153, 0, 0]
[16, 2, 7, 149, 7, 153, 0, 0]
[16, 2, 7, 152, 7, 156, 0, 0]
[16, 2, 7, 155, 7, 157, 0, 0]
[17, 2, 123, 125, 128, 130, 133, 0]
[16, 2, 7, 151, 7, 153, 0, 0]
[16, 2, 7, 149, 7, 151, 0, 0]
[16, 2, 7, 153, 7, 155, 0, 0]
[19, 2, 132, 127, 122, 117, 111, 7]
[16, 2, 7, 151, 7, 157, 0, 0]
[16, 2, 7, 146, 7, 152, 0, 0]
[16, 2, 7, 149, 7, 152, 0, 0]
[16, 2, 7, 153, 7, 154, 0, 0]
[16, 2, 7, 151, 7, 153, 0, 0]
[16, 2, 7, 152, 7, 154, 0, 0]
[16, 2, 7, 156, 7, 157, 0, 0]
[16, 2, 7, 154, 7, 156, 0, 0]
[16, 4, 0, 60, 0, 0, 0, 0]
[16, 5, 0, 11, 0, 8, 0, 0]
[16, 2, 7, 152, 7, 156, 0, 0]
[16, 2, 7, 142, 7, 149, 0, 0]
[16, 2, 7, 126, 7, 137, 0, 0]
[16, 2, 7, 100, 7, 118, 0, 0]
[16, 2, 7, 72, 7, 98, 0, 0]
[16, 2, 7, 50, 7, 84, 0, 0]
[16, 2, 7, 36, 7, 74, 0, 0]
[16, 2, 7, 37, 7, 71, 0, 0]
[16, 2, 7, 79, 7, 97, 0, 0]
[16, 2, 7, 151, 7, 148, 0, 0]
[19, 2, 106, 101, 97, 94, 91, 4]
[16, 2, 7, 216, 7, 196, 0, 0]
[17, 2, 135, 137, 142, 145, 147, 0]
[16, 2, 8, 19, 7, 236, 0, 0]
[16, 2, 8, 102, 8, 35, 0, 0]
[16, 2, 8, 198, 8, 104, 0, 0]
[16, 2, 9, 30, 8, 167, 0, 0]
[16, 2, 9, 114, 8, 226, 0, 0]
[16, 2, 9, 197, 9, 28, 0, 0]
[16, 2, 10, 18, 9, 81, 0, 0]
[16, 2, 10, 90, 9, 133, 0, 0]
[16, 2, 10, 146, 9, 176, 0, 0]
[16, 2, 10, 160, 9, 190, 0, 0]
[16, 2, 10, 136, 9, 175, 0, 0]
[16, 2, 10, 83, 9, 138, 0, 0]
[16, 2, 10, 2, 9, 81, 0, 0]
[16, 2, 9, 169, 9, 19, 0, 0]
[16, 2, 9, 90, 8, 220, 1, 0]
[16, 2, 9, 1, 8, 160, 1, 0]
[16, 2, 8, 145, 8, 81, 1, 0]
[16, 2, 8, 28, 8, 0, 1, 0]
[16, 2, 7, 190, 7, 189, 1, 0]
[19, 2, 90, 89, 89, 90, 91, 4]
[16, 2, 7, 104, 7, 126, 0, 0]
[16, 2, 7, 17, 7, 64, 0, 0]
[17, 2, 149, 151, 153, 154, 156, 0]
[16, 2, 6, 194, 7, 8, 0, 0]
[16, 2, 6, 144, 6, 226, 0, 0]
[16, 2, 6, 148, 6, 224, 0, 0]
[16, 2, 6, 198, 7, 1, 0, 0]
[16, 2, 6, 245, 7, 36, 0, 0]
[16, 2, 7, 21, 7, 60, 0, 0]
[16, 2, 7, 65, 7, 90, 0, 0]
[16, 2, 7, 120, 7, 127, 0, 0]
[16, 2, 7, 148, 7, 149, 0, 0]
[16, 2, 7, 155, 7, 156, 0, 0]
[16, 2, 7, 162, 7, 162, 0, 0]
[16, 2, 7, 169, 7, 167, 0, 0]
[16, 2, 7, 165, 7, 164, 0, 0]
[16, 2, 7, 162, 7, 161, 0, 0]
[16, 2, 7, 160, 7, 161, 0, 0]
[16, 2, 7, 158, 7, 161, 0, 0]
[16, 2, 7, 158, 7, 159, 0, 0]
[16, 2, 7, 162, 7, 161, 0, 0]
[19, 2, 92, 94, 96, 97, 98, 5]
[16, 2, 7, 161, 7, 161, 0, 0]
[16, 2, 7, 160, 7, 161, 0, 0]
[17, 2, 158, 159, 160, 162, 163, 0]
[16, 2, 7, 167, 7, 165, 0, 0]
[16, 2, 7, 175, 7, 170, 0, 0]
[16, 2, 7, 181, 7, 174, 0, 0]
[16, 2, 7, 193, 7, 182, 0, 0]
[16, 2, 7, 203, 7, 190, 0, 0]
[16, 2, 7, 200, 7, 189, 0, 0]
[16, 2, 7, 193, 7, 182, 0, 0]
[16, 2, 7, 188, 7, 179, 0, 0]
[16, 2, 7, 184, 7, 177, 0, 0]
[16, 2, 7, 183, 7, 177, 0, 0]
[16, 2, 7, 196, 7, 185, 0, 0]
[16, 2, 7, 214, 7, 197, 0, 0]
[16, 2, 7, 230, 7, 206, 0, 0]
[16, 2, 7, 241, 7, 217, 0, 0]
[16, 2, 7, 247, 7, 222, 0, 0]
[16, 2, 7, 238, 7, 216, 0, 0]
[16, 2, 7, 226, 7, 208, 0, 0]
[16, 2, 7, 222, 7, 204, 0, 0]
[19, 2, 98, 98, 98, 97, 96, 5]
[16, 2, 7, 220, 7, 203, 0, 0]
[17, 2, 163, 164, 164, 165, 165, 0]
[16, 2, 7, 225, 7, 207, 0, 0]
[16, 2, 7, 242, 7, 218, 0, 0]
[16, 2, 8, 4, 7, 232, 0, 0]
[16, 2, 8, 15, 7, 238, 0, 0]
[16, 2, 8, 20, 7, 243, 0, 0]
[16, 2, 8, 18, 7, 242, 0, 0]
[16, 2, 8, 8, 7, 235, 0, 0]
[16, 2, 8, 0, 7, 228, 0, 0]
[16, 2, 8, 2, 7, 230, 0, 0]
[16, 2, 8, 8, 7, 234, 0, 0]
[16, 2, 8, 19, 7, 241, 0, 0]
[16, 2, 8, 37, 7, 253, 0, 0]
[16, 2, 8, 48, 8, 3, 0, 0]
[16, 2, 8, 48, 8, 4, 0, 0]
[16, 2, 8, 48, 8, 4, 0, 0]
[16, 2, 8, 50, 8, 8, 0, 0]
[16, 2, 8, 44, 8, 4, 0, 0]
[16, 2, 8, 44, 8, 2, 0, 0]
[16, 2, 8, 52, 8, 6, 0, 0]
[19, 2, 95, 94, 93, 92, 91, 0]
[16, 2, 8, 58, 8, 12, 0, 0]
[16, 2, 8, 68, 8, 18, 0, 0]
[17, 2, 165, 164, 164, 163, 162, 0]
[16, 2, 8, 83, 8, 30, 0, 0]
[16, 2, 8, 96, 8, 38, 0, 0]
[16, 2, 8, 102, 8, 41, 0, 0]
[16, 2, 8, 110, 8, 46, 0, 0]
[16, 2, 8, 120, 8, 55, 0, 0]
[16, 2, 8, 125, 8, 58, 0, 0]
[16, 2, 8, 130, 8, 62, 0, 0]
[16, 2, 8, 140, 8, 68, 0, 0]
[16, 2, 8, 142, 8, 72, 0, 0]
[16, 2, 8, 135, 8, 68, 0, 0]
[16, 2, 8, 129, 8, 64, 0, 0]
[16, 2, 8, 123, 8, 58, 0, 0]
[16, 2, 8, 116, 8, 54, 0, 0]
[16, 2, 8, 112, 8, 53, 0, 0]
[1, 8, 0, 0, 0, 0, 0, 0]
[16, 2, 8, 108, 8, 50, 0, 0]
[16, 2, 8, 97, 8, 42, 0, 0]
[16, 2, 8, 88, 8, 34, 0, 0]
[16, 2, 8, 84, 8, 30, 0, 0]
[19, 2, 89, 88, 87, 85, 84, 0]
[16, 2, 8, 76, 8, 26, 0, 0]
[16, 2, 8, 69, 8, 20, 0, 0]
[17, 2, 161, 160, 159, 157, 156, 0]
[16, 2, 8, 71, 8, 19, 0, 0]
[16, 2, 8, 70, 8, 18, 0, 0]
[16, 2, 8, 64, 8, 14, 0, 0]
[16, 2, 8, 55, 8, 9, 0, 0]
[16, 2, 8, 39, 8, 1, 0, 0]
[16, 2, 8, 14, 7, 243, 0, 0]
[16, 2, 7, 250, 7, 228, 0, 0]
[16, 2, 7, 232, 7, 213, 0, 0]
[16, 2, 7, 215, 7, 199, 0, 0]
[16, 2, 7, 198, 7, 188, 0, 0]
[16, 2, 7, 190, 7, 182, 0, 0]
[16, 2, 7, 185, 7, 178, 0, 0]
[16, 2, 7, 176, 7, 172, 0, 0]
[16, 2, 7, 171, 7, 169, 0, 0]
[16, 2, 7, 166, 7, 164, 0, 0]
[16, 2, 7, 154, 7, 156, 0, 0]
[16, 2, 7, 148, 7, 151, 0, 0]
[16, 2, 7, 150, 7, 152, 0, 0]
[16, 2, 7, 150, 7, 153, 0, 0]
[17, 2, 159, 157, 156, 155, 151, 0]
[17, 3, 0, 20, 0, 0, 0, 0]
[17, 2, 153, 151, 150, 148, 146, 0]
[19, 2, 83, 81, 80, 79, 78, 0]
[16, 2, 7, 149, 7, 151, 0, 0]
[16, 2, 7, 151, 7, 153, 0, 0]
[16, 2, 7, 146, 7, 150, 0, 0]
[16, 2, 7, 148, 7, 149, 0, 0]
[16, 2, 7, 151, 7, 152, 0, 0]
[16, 2, 7, 149, 7, 150, 0, 0]
[16, 2, 7, 148, 7, 150, 0, 0]
[16, 2, 7, 150, 7, 153, 0, 0]
[16, 2, 7, 151, 7, 152, 0, 0]
[16, 2, 7, 148, 7, 150, 0, 0]
[16, 2, 7, 151, 7, 154, 0, 0]
[16, 2, 7, 153, 7, 157, 0, 0]
[16, 2, 7, 148, 7, 153, 0, 0]
[16, 2, 7, 149, 7, 151, 0, 0]
[16, 2, 7, 152, 7, 155, 0, 0]
[17, 2, 144, 142, 140, 138, 135, 0]
[16, 2, 7, 152, 7, 154, 0, 0]
[16, 2, 7, 157, 7, 158, 0, 0]
[16, 2, 7, 174, 7, 170, 0, 0]
[19, 2, 76, 75, 74, 73, 72, 0]
[16, 2, 7, 184, 7, 176, 0, 0]
[16, 2, 7, 187, 7, 177, 0, 0]
[16, 2, 7, 200, 7, 188, 0, 0]
[16, 2, 7, 214, 7, 199, 0, 0]
[16, 2, 7, 220, 7, 202, 0, 0]
[16, 2, 7, 225, 7, 203, 0, 0]
[16, 2, 7, 234, 7, 210, 0, 0]
[16, 2, 7, 238, 7, 215, 0, 0]
[16, 2, 7, 238, 7, 216, 0, 0]
[16, 2, 7, 244, 7, 220, 0, 0]
[16, 2, 7, 246, 7, 221, 0, 0]
[16, 2, 7, 244, 7, 218, 0, 0]
[16, 2, 7, 245, 7, 220, 0, 0]
[16, 2, 7, 246, 7, 222, 0, 0]
[16, 2, 7, 244, 7, 219, 0, 0]
[16, 2, 7, 243, 7, 219, 0, 0]
[16, 2, 7, 242, 7, 219, 0, 0]
[17, 2, 133, 131, 128, 126, 124, 0]
[19, 3, 0, 0, 75, 96, 0, 0]
[16, 2, 7, 235, 7, 213, 0, 0]
[16, 2, 7, 228, 7, 208, 0, 0]
[16, 2, 7, 226, 7, 208, 0, 0]
[19, 2, 71, 70, 69, 67, 66, 0]
[16, 2, 7, 221, 7, 205, 0, 0]
[16, 2, 7, 210, 7, 197, 0, 0]
[16, 2, 7, 203, 7, 191, 0, 0]
[16, 2, 7, 192, 7, 183, 0, 0]
[16, 2, 7, 176, 7, 172, 0, 0]
[16, 2, 7, 169, 7, 167, 0, 0]
[16, 2, 7, 163, 7, 165, 0, 0]
[16, 2, 7, 154, 7, 156, 0, 0]
[16, 2, 7, 149, 7, 151, 0, 0]
[16, 2, 7, 152, 7, 154, 0, 0]
[16, 2, 7, 149, 7, 154, 0, 0]
[16, 2, 7, 145, 7, 150, 0, 0]
[16, 2, 7, 150, 7, 150, 0, 0]
[16, 2, 7, 152, 7, 153, 0, 0]
[16, 2, 7, 149, 7, 153, 0, 0]
[16, 2, 7, 151, 7, 153, 0, 0]
[16, 2, 7, 157, 7, 157, 0, 0]
[17, 2, 121, 119, 117, 114, 112, 0]
[16, 2, 7, 152, 7, 155, 0, 0]
[16, 2, 7, 149, 7, 150, 0, 0]
[16, 2, 7, 152, 7, 152, 0, 0]
[19, 2, 65, 64, 63, 62, 61, 0]
[16, 2, 7, 151, 7, 155, 0, 0]
[16, 2, 7, 148, 7, 153, 0, 0]
[16, 2, 7, 150, 7, 153, 0, 0]
[16, 2, 7, 154, 7, 153, 0, 0]
[16, 2, 7, 150, 7, 151, 0, 0]
[16, 2, 7, 148, 7, 152, 0, 0]
[16, 2, 7, 153, 7, 157, 0, 0]
[16, 2, 7, 153, 7, 156, 0, 0]
[16, 2, 7, 151, 7, 152, 0, 0]
[16, 2, 7, 154, 7, 156, 0, 0]
[16, 2, 7, 153, 7, 157, 0, 0]
[16, 2, 7, 147, 7, 152, 0, 0]
[16, 2, 7, 141, 7, 146, 0, 0]
[16, 2, 7, 123, 7, 134, 0, 0]
[16, 2, 7, 95, 7, 115, 0, 0]
[16, 2, 7, 72, 7, 100, 0, 0]
[16, 2, 7, 54, 7, 87, 0, 0]
[17, 2, 110, 108, 106, 104, 102, 0]
[16, 2, 7, 30, 7, 70, 0, 0]
[16, 2, 7, 29, 7, 66, 0, 0]
[16, 2, 7, 77, 7, 96, 0, 0]
[19, 2, 60, 59, 58, 57, 56, 0]
[16, 2, 7, 154, 7, 149, 0, 0]
[19, 2, 60, 59, 58, 57, 56, 0]
[16, 2, 7, 222, 7, 198, 0, 0]
[16, 2, 8, 31, 7, 244, 0, 0]
[16, 2, 8, 112, 8, 44, 0, 0]
[16, 2, 8, 203, 8, 107, 0, 0]
[16, 2, 9, 36, 8, 170, 0, 0]
[16, 2, 9, 120, 8, 231, 0, 0]
[16, 2, 9, 201, 9, 31, 0, 0]
[16, 2, 10, 26, 9, 88, 0, 0]
[16, 2, 10, 99, 9, 142, 0, 0]
[16, 2, 10, 143, 9, 174, 0, 0]
[16, 2, 10, 151, 9, 182, 0, 0]
[16, 2, 10, 129, 9, 169, 0, 0]
[16, 2, 10, 73, 9, 132, 0, 0]
[16, 2, 9, 248, 9, 77, 0, 0]
[16, 2, 9, 172, 9, 22, 0, 0]
[16, 2, 9, 93, 8, 223, 0, 0]
[17, 2, 100, 99, 97, 95, 94, 0]
[16, 2, 8, 247, 8, 151, 1, 0]
[16, 2, 8, 131, 8, 69, 1, 0]
[16, 2, 8, 27, 7, 254, 1, 0]
[19, 2, 55, 54, 53, 52, 51, 0]
[16, 2, 7, 193, 7, 191, 1, 0]
[16, 2, 7, 102, 7, 126, 1, 0]
[16, 2, 7, 14, 7, 61, 0, 0]
[16, 2, 6, 187, 7, 0, 0, 0]
[16, 2, 6, 135, 6, 216, 0, 0]
[16, 2, 6, 150, 6, 225, 0, 0]
[16, 2, 6, 204, 7, 8, 0, 0]
[16, 2, 6, 243, 7, 36, 0, 0]
[16, 2, 7, 22, 7, 57, 0, 0]
[16, 2, 7, 74, 7, 92, 0, 0]
[16, 2, 7, 120, 7, 128, 0, 0]
[16, 2, 7, 144, 7, 149, 0, 0]
[16, 2, 7, 158, 7, 158, 0, 0]
[16, 2, 7, 166, 7, 164, 0, 0]
[16, 2, 7, 167, 7, 164, 0, 0]
[16, 2, 7, 168, 7, 164, 0, 0]
[16, 2, 7, 167, 7, 164, 0, 0]
[17, 2, 93, 92, 91, 90, 90, 0]
[16, 2, 7, 160, 7, 160, 0, 0]
[16, 2, 7, 158, 7, 159, 0, 0]
[16, 2, 7, 163, 7, 161, 0, 0]
[19, 2, 50, 49, 49, 49, 49, 0]
[16, 2, 7, 162, 7, 162, 0, 0]
[16, 2, 7, 159, 7, 160, 0, 0]
[16, 2, 7, 162, 7, 163, 0, 0]
[16, 2, 7, 167, 7, 167, 0, 0]
[16, 2, 7, 169, 7, 167, 0, 0]
[16, 2, 7, 179, 7, 173, 0, 0]
[16, 2, 7, 194, 7, 184, 0, 0]
[16, 2, 7, 200, 7, 190, 0, 0]
[16, 2, 7, 200, 7, 188, 0, 0]
[16, 2, 7, 195, 7, 184, 0, 0]
[16, 2, 7, 186, 7, 179, 0, 0]
[16, 2, 7, 179, 7, 175, 0, 0]
[16, 2, 7, 184, 7, 176, 0, 0]
[16, 2, 7, 198, 7, 185, 0, 0]
[16, 2, 7, 212, 7, 194, 0, 0]
[16, 2, 7, 230, 7, 206, 0, 0]
[16, 2, 7, 246, 7, 218, 0, 0]
[17, 2, 89, 89, 89, 89, 89, 0]
[16, 2, 7, 245, 7, 220, 0, 0]
[16, 2, 7, 235, 7, 214, 0, 0]
[16, 2, 7, 228, 7, 208, 0, 0]
[19, 2, 51, 54, 57, 63, 70, 2]
[16, 2, 7, 221, 7, 203, 0, 0]
[16, 2, 7, 216, 7, 200, 0, 0]
[16, 2, 7, 228, 7, 207, 0, 0]
[16, 2, 7, 247, 7, 220, 0, 0]
[16, 2, 8, 3, 7, 229, 0, 0]
[16, 2, 8, 15, 7, 240, 0, 0]
[16, 2, 8, 22, 7, 246, 0, 0]
[16, 2, 8, 16, 7, 242, 0, 0]
[16, 2, 8, 7, 7, 234, 0, 0]
[16, 2, 8, 4, 7, 231, 0, 0]
[16, 2, 8, 3, 7, 231, 0, 0]
[16, 2, 8, 6, 7, 234, 0, 0]
[16, 2, 8, 23, 7, 245, 0, 0]
[16, 2, 8, 38, 8, 0, 0, 0]
[16, 2, 8, 44, 8, 3, 0, 0]
[16, 2, 8, 47, 8, 4, 0, 0]
[16, 2, 8, 50, 8, 8, 0, 0]
[17, 2, 89, 89, 89, 90, 90, 0]
[16, 2, 8, 46, 8, 4, 0, 0]
[16, 2, 8, 42, 8, 0, 0, 0]
[16, 2, 8, 46, 8, 3, 0, 0]
[19, 2, 77, 85, 94, 102, 111, 7]
[16, 2, 8, 50, 8, 6, 0, 0]
[16, 2, 8, 55, 8, 8, 0, 0]
[16, 2, 8, 70, 8, 18, 0, 0]
[16, 2, 8, 87, 8, 30, 0, 0]
[16, 2, 8, 94, 8, 37, 0, 0]
[16, 2, 8, 102, 8, 42, 0, 0]
[16, 2, 8, 112, 8, 49, 0, 0]
[16, 2, 8, 118, 8, 52, 0, 0]
[16, 2, 8, 124, 8, 57, 0, 0]
[16, 2, 8, 135, 8, 65, 0, 0]
[16, 2, 8, 141, 8, 70, 0, 0]
[16, 2, 8, 141, 8, 70, 0, 0]
[16, 2, 8, 137, 8, 68, 0, 0]
[16, 2, 8, 130, 8, 62, 0, 0]
[16, 2, 8, 118, 8, 54, 0, 0]
[16, 2, 8, 114, 8, 52, 0, 0]
[16, 2, 8, 112, 8, 51, 0, 0]
[17, 2, 90, 91, 92, 92, 93, 0]
[16, 2, 8, 105, 8, 47, 0, 0]
[16, 2, 8, 97, 8, 39, 0, 0]
[16, 2, 8, 94, 8, 35, 0, 0]
[19, 2, 119, 127, 134, 141, 148, 11]
[16, 2, 8, 84, 8, 30, 0, 0]
[16, 2, 8, 74, 8, 22, 0, 0]
[16, 2, 8, 72, 8, 21, 0, 0]
[16, 2, 8, 72, 8, 22, 0, 0]
[16, 2, 8, 69, 8, 19, 0, 0]
[16, 2, 8, 65, 8, 18, 0, 0]
[16, 2, 8, 56, 8, 12, 0, 0]
[16, 2, 8, 35, 7, 254, 0, 0]
[16, 2, 8, 11, 7, 236, 0, 0]
[16, 2, 7, 252, 7, 225, 0, 0]
[16, 2, 7, 232, 7, 213, 0, 0]
[16, 2, 7, 212, 7, 197, 0, 0]
[16, 2, 7, 199, 7, 187, 0, 0]
[16, 2, 7, 193, 7, 182, 0, 0]
[16, 2, 7, 183, 7, 177, 0, 0]
[16, 2, 7, 177, 7, 174, 0, 0]
[16, 2, 7, 174, 7, 170, 0, 0]
[17, 2, 94, 95, 96, 97, 99, 0]
[16, 2, 7, 162, 7, 163, 0, 0]
[16, 2, 7, 153, 7, 154, 0, 0]
[16, 2, 7, 150, 7, 153, 0, 0]
[19, 2, 154, 159, 163, 166, 167, 13]
[16, 2, 7, 148, 7, 154, 0, 0]
[16, 2, 7, 146, 7, 152, 0, 0]
[16, 2, 7, 148, 7, 151, 0, 0]
[16, 2, 7, 150, 7, 154, 0, 0]
[16, 2, 7, 148, 7, 153, 0, 0]
[16, 2, 7, 148, 7, 154, 0, 0]
[16, 2, 7, 151, 7, 154, 0, 0]
[16, 2, 7, 148, 7, 152, 0, 0]
[16, 2, 7, 146, 7, 150, 0, 0]
[16, 2, 7, 149, 7, 152, 0, 0]
[16, 2, 7, 150, 7, 153, 0, 0]
[16, 2, 7, 149, 7, 153, 0, 0]
[16, 2, 7, 151, 7, 153, 0, 0]
[16, 2, 7, 152, 7, 153, 0, 0]
[16, 2, 7, 149, 7, 151, 0, 0]
[16, 2, 7, 149, 7, 153, 0, 0]
[16, 2, 7, 154, 7, 158, 0, 0]
[17, 2, 100, 102, 104, 106, 108, 0]
[16, 2, 7, 160, 7, 161, 0, 0]
[16, 2, 7, 169, 7, 166, 0, 0]
[16, 2, 7, 184, 7, 177, 0, 0]
[19, 2, 167, 166, 165, 162, 159, 13]
[16, 2, 7, 191, 7, 183, 0, 0]
[16, 2, 7, 196, 7, 186, 0, 0]
[16, 2, 7, 209, 7, 194, 0, 0]
[16, 2, 7, 219, 7, 202, 0, 0]
[16, 2, 7, 222, 7, 204, 0, 0]
[16, 2, 7, 229, 7, 209, 0, 0]
[16, 2, 7, 239, 7, 216, 0, 0]
[16, 2, 7, 240, 7, 219, 0, 0]
[16, 2, 7, 242, 7, 218, 0, 0]
[16, 2, 7, 247, 7, 222, 0, 0]
[16, 2, 7, 246, 7, 223, 0, 0]
[16, 2, 7, 245, 7, 222, 0, 0]
[16, 2, 7, 247, 7, 222, 0, 0]
[16, 2, 7, 249, 7, 223, 0, 0]
[16, 2, 7, 243, 7, 218, 0, 0]
[16, 2, 7, 240, 7, 216, 0, 0]
[16, 2, 7, 238, 7, 215, 0, 0]
[17, 2, 110, 113, 115, 118, 120, 0]
[16, 2, 7, 231, 7, 211, 0, 0]
[16, 2, 7, 225, 7, 206, 0, 0]
[16, 2, 7, 223, 7, 203, 0, 0]
[19, 2, 155, 151, 147, 142, 137, 10]
[16, 2, 7, 213, 7, 197, 0, 0]
[16, 2, 7, 200, 7, 189, 0, 0]
[16, 2, 7, 193, 7, 185, 0, 0]
[16, 2, 7, 184, 7, 179, 0, 0]
[18, 2, 0, 1, 3, 0, 254, 0]
[16, 2, 7, 170, 7, 167, 0, 0]
[16, 2, 7, 161, 7, 161, 0, 0]
